0.05
-0.43
-0.51
-0.47
-0.505
-0.27
-0.66
-0.645
-0.255
-0.55
0.055
0.5
0.78
0.675
0.475
0.2
0.475
0.525
0.74
0.315
-0.18
-0.795
-0.16
0.25
-0.305
0.14
0.005
-0.595
-0.81
-0.52
-0.685
-0.635
-0.75
-0.505
-0.54
-0.44
-0.365
0.135
-0.235
0.71
0.72
0.2
-0.125
0.115
0.5
0.575
0.07
0.26
-0.495
-0.605
-0.68
-0.58
-0.65
-0.2
-0.765
-0.72
-0.28
-0.33
-0.29
-0.485
-0.555
-0.73
-0.55
-0.455
-0.625
-0.555
-0.59
-0.41
-0.45
-0.195
-0.36
-0.63
-0.14
0.22
-0.055
-0.315
-0.645
-0.655
-0.815
-0.59
-0.525
-0.555
-0.475
-0.13
0.41
0.325
0.5
0.655
0.625
0.345
0.105
0.2
0.36
0.535
0.2
0.205
0.415
0.67
0.76
0.43
0.5
0.21
-0.11
-0.165
-0.48
-0.66
-0.77
-0.705
-0.415
-0.515
-0.73
-0.25
0.36
0.7
0.44
0.56
0.72
0.61
0.405
0.215
0.475
0.74
0.57
0.645
0.515
0.505
0.48
0.42
0.465
0.61
0.365
0.77
0.475
0.115
0.53
0.705
0.635
0.45
0.555
0.61
0.515
0.775
0.475
0.555
0.73
0.46
0.645
0.655
0.66
0.735
0.205
0.23
0.46
0.685
0.595
0.635
0.785
0.48
0.195
0.26
-0.085
0.46
-0.16
-0.3
-0.5
-0.04
-0.11
0.07
0.48
-0.06
-0.395
-0.27
-0.36
-0.455
0
0.72
0.025
0.085
-0.61
-0.51
-0.835
-0.77
-0.55
-0.695
-0.76
-0.725
-0.555
-0.535
-0.63
-0.505
-0.34
-0.76
-0.61
-0.165
-0.09
-0.31
-0.51
-0.73
-0.725
-0.62
-0.515
-0.095
-0.045
-0.155
0.335
0.205
0.02
0.405
0.705
0.09
0.505
0.755
0.62
0.715
0.485
0.315
0.385
-0.505
0.27
0.63
0.02
-0.125
0.38
-0.19
-0.485
-0.285
-0.33
0.055
-0.825
-0.595
-0.47
-0.29
-0.2
0.29
0.54
0.035
0.64
0.725
0.56
0.525
0.555
0.57
0.55
0.71
0.025
-0.035
0.28
-0.26
-0.54
-0.68
-0.39
-0.795
-0.69
-0.465
0.725
0.535
0.755
0.69
0.565
0.21
-0.475
-0.645
-0.5
-0.64
-0.5
-0.59
-0.675
-0.695
-0.785
-0.59
-0.785
-0.1
0.745
0.645
0.16
0.415
0.275
-0.34
-0.015
-0.025
0.235
0.74
0.45
0.23
-0.43
-0.175
-0.21
-0.235
-0.09
-0.115
0.495
0.425
0.27
0.645
0.545
0.855
0.03
0.46
0.47
0.315
0.61
0.71
0.64
0.635
0.715
0.785
0.74
0.005
0.08
-0.315
-0.085
-0.575
-0.79
-0.785
-0.625
-0.67
-0.72
-0.465
-0.475
-0.905
-0.545
-0.375
-0.64
-0.57
-0.275
-0.08
0.14
0.405
0.14
0.02
0.445
0.24
0.225
0.32
0.39
0.565
0.755
0.68
0.655
0.565
0.185
0.42
0.27
0.06
0.29
0.08
0.26
0.26
0.22
0.51
0.495
0.165
-0.105
-0.635
0.35
0.54
-0.145
-0.165
0.455
0.715
0.11
-0.445
-0.51
-0.05
-0.235
-0.58
-0.775
-0.49
-0.545
-0.74
-0.675
-0.18
-0.61
-0.615
-0.48
-0.42
-0.56
-0.68
-0.49
-0.835
-0.695
-0.49
-0.45
-0.54
-0.44
-0.45
-0.315
-0.175
-0.37
-0.365
-0.065
-0.385
-0.26
-0.6
-0.055
0.375
0.55
0.44
0.47
0.81
0.695
0.37
0.51
0.88
-0.27
0.025
0.28
0.78
0.875
0.715
0.585
0.21
-0.62
-0.575
-0.845
-0.55
-0.115
0.35
-0.465
-0.69
-0.545
-0.39
0.3
0.77
0.17
0.18
0.26
0.59
0.58
0.26
0.195
0.01
-0.07
-0.12
-0.155
-0.08
-0.125
-0.28
-0.405
-0.21
-0.67
-0.17
-0.17
0.365
0.5
0.345
0.16
0.545
0.915
0.705
0.505
0.55
0.34
0.1
-0.07
-0.24
-0.645
-0.335
-0.29
-0.585
-0.325
-0.49
-0.75
-0.375
-0.155
-0.64
-0.72
-0.755
0.16
0.175
0.265
0.08
-0.72
-0.475
-0.27
-0.77
-0.165
0.315
0.135
0.675
0.635
0.58
0.59
0.485
0.61
0.57
-0.17
-0.215
0.125
-0.085
-0.32
-0.075
-0.02
0.55
0.04
-0.14
-0.665
-0.57
-0.42
-0.6
-0.675
-0.135
0.04
0.215
0.44
0.73
0.515
0.69
0.665
0.78
0.495
0.13
0.395
-0.16
0.155
0.445
0.79
0.105
-0.155
0.5
0.225
0.225
0.24
0.535
0.785
0.435
0.67
0.685
0.79
0.65
0.675
0.67
0.335
0.025
0.615
-0.23
-0.25
-0.2
-0.45
-0.725
-0.505
-0.745
-0.605
-0.49
-0.08
-0.205
-0.125
-0.195
-0.41
-0.46
-0.86
-0.78
-0.84
-0.615
-0.62
-0.03
-0.015
-0.59
-0.66
-0.545
-0.12
-0.27
-0.375
-0.77
-0.81
-0.44
-0.18
0.21
0.575
0.65
0.27
0.4
0.63
0.195
0.495
0.46
0.48
0.79
0.795
0.315
0.21
0.045
-0.505
0.575
0.05
-0.265
-0.345
-0.505
-0.715
-0.73
-0.47
-0.71
-0.55
-0.675
-0.485
-0.2
0.29
0.405
0.535
0.675
0.535
0.38
0.51
0.615
0.39
0.715
0.42
0.53
0.52
0.405
0.065
0.295
0.78
0.515
0.595
-0.3
-0.68
-0.055
0.22
0.48
0.07
0.075
-0.36
0.23
-0.105
-0.11
-0.085
0.125
0.515
0.54
0.375
0.765
0.725
0.55
0.745
0.725
0.875
0.625
0.29
0.235
0.525
0.5
0.56
0.81
0.685
0.545
0.405
0.25
0.28
0.575
0.2
0.55
0.455
-0.065
-0.645
-0.565
-0.53
-0.615
-0.45
-0.51
-0.485
-0.34
0.09
-0.25
-0.815
-0.415
-0.45
-0.525
-0.405
-0.385
0.23
0.51
0.615
0.71
0.77
0.815
0.445
0.425
0.36
-0.005
-0.51
-0.53
-0.625
-0.46
-0.285
-0.74
-0.575
-0.77
-0.605
-0.535
-0.58
-0.735
-0.53
-0.495
0.16
0.36
0.29
-0.165
-0.22
-0.285
-0.29
-0.035
-0.725
-0.68
-0.395
-0.385
-0.365
-0.685
-0.485
-0.775
-0.905
-0.63
-0.405
-0.15
0.165
0.19
0.615
0.71
0.455
0.11
0.47
-0.155
0.38
0.55
0.515
0.715
0.475
0.42
0.33
0.68
0.66
0.81
0.53
0.75
0.84
0.79
0.66
0.75
-0.385
-0.165
-0.505
-0.73
-0.64
-0.75
-0.855
-0.79
-0.595
-0.74
-0.375
-0.75
-0.655
-0.475
-0.855
-0.675
-0.65
-0.375
-0.475
-0.295
-0.365
-0.48
-0.265
-0.225
-0.165
-0.105
-0.055
0.47
-0.23
-0.42
-0.005
-0.29
0.76
0.58
-0.02
0.585
0.445
0.595
0.625
0.67
-0.825
-0.46
-0.405
-0.29
-0.635
-0.745
-0.59
-0.485
-0.28
-0.62
-0.64
-0.635
-0.595
-0.085
0.655
0.57
0.58
0.475
0.175
0.615
0.595
0.76
-0.065
0.03
0.45
0.64
-0.19
-0.175
-0.195
-0.78
-0.615
-0.5
-0.235
-0.53
-0.645
-0.695
-0.875
-0.69
-0.625
-0.465
-0.195
0.155
0.145
-0.23
-0.39
-0.255
0.355
0.545
0.5
0.715
0.68
0.695
0.57
0.495
-0.22
-0.125
-0.46
-0.18
-0.125
-0.225
-0.665
-0.585
-0.325
-0.45
-0.54
-0.78
-0.82
-0.685
-0.17
-0.66
-0.685
-0.615
-0.475
-0.6
-0.385
0.085
0.19
-0.21
-0.02
-0.33
-0.245
0.28
0.415
0.125
0.5
0.5
-0.085
0.2
-0.125
-0.345
-0.28
-0.455
-0.515
-0.595
-0.705
-0.25
-0.36
-0.65
-0.605
-0.645
-0.605
-0.08
-0.69
-0.78
-0.42
-0.645
-0.69
-0.595
0.06
-0.16
-0.135
-0.56
-0.125
0.255
0.12
0.24
0.215
0.37
0.095
0
-0.235
-0.5
-0.5
-0.505
-0.685
-0.74
-0.675
-0.72
-0.66
-0.775
-0.815
-0.73
-0.795
-0.665
-0.795
-0.645
-0.315
-0.485
-0.775
-0.195
0.2
0.035
0.48
0.32
0.27
0.275
0.345
0.535
0.515
0.085
-0.65
-0.3
0.3
-0.11
-0.46
-0.465
-0.16
-0.515
-0.665
-0.6
-0.715
-0.525
-0.795
-0.68
-0.675
-0.455
-0.35
-0.3
-0.025
-0.185
-0.435
-0.475
-0.57
-0.505
-0.72
-0.48
-0.51
-0.115
0.325
0.45
0.035
0.08
0.14
0.055
0.055
-0.12
0.085
0.155
0.445
0.155
0.045
-0.03
-0.18
-0.485
-0.125
-0.235
0.255
-0.115
-0.485
-0.675
-0.755
-0.795
-0.38
-0.525
-0.365
-0.47
-0.24
0.14
0.075
0.41
0.71
0.46
0.76
0.455
0.275
0.25
0.32
0.64
0.445
-0.825
-0.525
-0.475
-0.72
-0.455
-0.36
-0.27
-0.015
-0.295
-0.28
-0.6
-0.36
-0.54
-0.8
-0.59
-0.625
-0.545
-0.645
-0.295
-0.65
-0.54
-0.74
-0.65
-0.775
-0.415
-0.22
0.035
-0.11
0.33
0.67
0.555
0.7
0.205
0.585
0.035
0.6
0.45
0.605
0.67
0.61
0.54
0.555
0.615
0.395
0.455
0.5
0.66
0.17
0.635
0.845
0.61
0.68
0.55
0.825
0.755
0.61
0.435
0.57
0.645
0.4
0.435
0.755
0.45
0.43
-0.045
0.415
0.405
0.41
0.42
0.175
-0.335
-0.18
-0.485
0.01
0.45
0.81
0.7
0.44
0.645
0.535
0.065
0.45
0.125
0.83
0.27
0.565
0.765
0.61
-0.165
-0.3
-0.56
-0.235
-0.59
-0.17
-0.095
-0.075
0.725
0.515
0.395
0.65
0.71
0.595
0.73
0.755
0.61
0.08
-0.11
-0.135
0.59
0.37
-0.135
-0.095
0.09
0.47
0.655
0.635
0.29
0.36
0.205
0.57
0.77
0.86
0.665
0.09
-0.005
0.08
0.04
-0.605
-0.815
-0.775
-0.34
-0.635
-0.615
-0.615
-0.595
-0.29
-0.65
-0.75
-0.405
0.08
0.35
0.615
0.685
0.41
0.255
0.575
0.34
0.745
0.565
0.48
0.375
0.57
0.735
0.115
0.59
0.79
0.63
0.56
0.41
0.675
0.42
0.43
-0.055
0.315
0.46
0.625
0.435
0.41
0.515
0.135
0.3
0.125
0.15
0.115
0.39
0.4
0.595
0.795
0.49
0.665
0.68
0.185
0.2
0.47
0.815
0.71
0.72
0.27
0.555
0.745
0.435
0.455
-0.105
-0.035
0.27
0.215
0.105
0.365
-0.025
-0.32
0.1
0.615
0.48
0.3
0.495
0.2
0.74
0.56
0.365
-0.19
-0.535
-0.29
-0.14
0.75
0.645
0.74
0.605
0.48
0.71
0.585
-0.495
-0.475
-0.595
-0.55
-0.845
-0.685
-0.76
-0.695
-0.69
-0.235
-0.605
-0.645
-0.54
-0.65
-0.425
-0.535
-0.705
-0.42
-0.695
-0.32
-0.27
-0.125
-0.29
-0.33
-0.285
-0.3
-0.205
0.54
0.72
0.63
0.53
0.49
0.685
0.68
0.585
0.7
0.47
0.79
0.66
0.78
0.355
0.245
0.25
-0.445
-0.625
-0.62
-0.17
0.055
0.65
0.77
0.72
0.57
0.705
0.685
0.61
0.35
0.14
0.06
-0.165
0.415
-0.415
-0.735
-0.56
0.25
0.045
0.695
0.705
-0.005
-0.51
0.4
0.495
0.325
0.3
0.23
0.65
0.405
-0.015
-0.3
-0.23
-0.415
0.24
0.47
0.28
0.14
-0.24
-0.245
-0.49
-0.25
-0.485
0.21
0.525
0.36
0.255
0.375
0.41
0.305
0.57
0.6
0.71
-0.21
0.515
0.555
0.715
0.495
0.66
0.625
0.405
0.63
0.76
0.59
0.76
0.45
0.585
0.295
0.695
0.625
0.735
0.455
0.23
-0.065
0.22
0.64
0.38
0.84
0.755
0.17
0.405
0.24
-0.245
-0.515
-0.74
-0.565
-0.6
-0.755
-0.69
-0.63
-0.74
-0.75
-0.6
-0.775
-0.605
-0.02
-0.175
0.245
0.27
0.675
0.775
0.51
0.38
0.535
-0.005
-0.41
-0.16
-0.195
-0.29
0.02
-0.055
-0.09
0.75
0.59
0.64
0.4
0.195
-0.235
0.325
0.125
0.61
0.49
0.565
0.71
0.7
0.695
0.385
0.24
0.62
0.75
0.725
0.57
0.85
0.785
0.68
0.57
0.41
0.635
0.71
0.735
0.075
-0.105
0.04
-0.125
-0.31
-0.55
-0.255
-0.57
-0.69
-0.225
-0.805
-0.435
-0.225
-0.245
-0.07
0.01
0.44
0.535
0.63
0.45
0.305
0.045
-0.045
0.265
-0.155
-0.605
-0.745
-0.755
-0.5
-0.47
-0.325
-0.31
0.03
0.765
0.49
0.565
0.625
0.735
0.805
0.565
0.785
0.78
0.49
0.455
0.8
0.5
0.505
0.485
0.29
0.74
0.325
0.14
0.17
0.44
0.22
0.37
0.42
0.59
0.35
0.575
-0.02
0.56
0.87
0.4
0.37
0.2
0.18
0.545
0.385
0.505
0.155
0.245
0.08
-0.335
-0.55
-0.475
-0.59
-0.68
-0.54
-0.32
-0.46
-0.39
-0.45
-0.295
-0.455
-0.755
-0.605
-0.57
-0.46
-0.555
-0.565
-0.725
-0.9
-0.81
-0.6
-0.28
-0.64
-0.845
-0.545
-0.775
-0.48
-0.32
-0.315
-0.495
-0.48
-0.295
-0.18
-0.26
0.08
0.25
0.505
0.34
0.605
0.435
0.49
0.51
0.52
0.575
0.655
0.35
0.315
0.475
0.665
0.2
-0.765
-0.525
-0.535
-0.42
-0.565
-0.055
-0.685
-0.74
-0.645
-0.77
0.15
-0.25
-0.315
-0.245
-0.325
0.255
0.15
-0.055
-0.085
-0.25
0.175
0.285
-0.16
-0.215
-0.65
-0.43
-0.335
0.11
-0.065
-0.23
-0.435
-0.205
0.465
0.83
0.685
0.74
0.345
0.795
0.65
0.265
0.595
0.625
0.725
0.325
0.62
0.34
0.72
0.265
0.58
0.415
0.775
0.78
0.615
0.65
0.68
0.22
0.695
0.355
0.605
0.545
0.13
0.26
-0.335
-0.635
-0.725
-0.285
-0.27
-0.585
-0.64
-0.82
-0.715
-0.7
-0.45
-0.745
-0.69
-0.325
-0.225
-0.095
-0.36
0.245
-0.2
-0.43
0.44
0.685
0.745
0.58
-0.545
-0.445
0.265
0.33
0.22
0.305
0.035
0.12
0.47
0.315
0.505
0.365
0.715
0.585
0.69
0.425
0.075
0.38
0.375
0.35
0.195
0.51
0.185
-0.065
-0.445
-0.65
-0.095
-0.705
-0.705
-0.23
-0.38
-0.6
0.105
0.69
0.705
0.77
0.905
0.595
0.725
0.455
0.815
0.66
0.47
0.02
-0.365
-0.32
0.7
0.64
0.625
0.495
-0.185
-0.07
-0.24
-0.175
-0.395
-0.62
-0.65
0.08
0.375
0.725
0.59
0.39
0.17
0.105
0.335
0.36
-0.095
0.275
-0.275
-0.645
-0.715
-0.705
-0.54
-0.45
-0.12
0.05
0.115
-0.635
-0.565
-0.62
-0.6
-0.215
-0.785
-0.73
-0.86
-0.495
-0.66
-0.365
-0.49
-0.615
-0.445
-0.595
-0.735
-0.53
-0.625
-0.44
0.045
0.175
0.34
-0.075
0.27
0.055
0.64
0.3
0.465
0.02
0.4
0.025
-0.16
0.175
-0.17
-0.51
-0.79
-0.74
-0.455
-0.395
-0.525
-0.28
0.52
0.75
0.4
0.04
0.06
0.74
0.77
0.76
0.425
0.315
0.36
0.49
0.285
0.5
0.32
0.19
0.69
0.39
0.42
-0.045
0.215
0.39
-0.39
-0.685
-0.88
-0.275
-0.62
-0.62
-0.64
-0.7
-0.36
-0.165
0.145
0.63
0.6
0.53
0.175
-0.025
0.205
0.215
0.225
0.53
-0.1
-0.085
0.06
0.07
0.265
0.86
0.41
0.25
0.035
0.12
0.27
-0.135
-0.01
0.24
0.625
0.77
0.26
0.535
0.72
0.375
0.515
0.585
0.215
0.095
0.5
0.785
0.195
0.09
0.87
0.625
0.19
0.68
0.415
0.785
0.25
-0.065
-0.12
-0.455
-0.4
-0.325
-0.61
-0.68
-0.835
-0.39
-0.2
-0.53
-0.585
-0.645
-0.34
-0.575
-0.535
-0.695
-0.165
-0.415
-0.77
-0.79
-0.26
-0.13
-0.63
-0.385
-0.305
0.385
0.75
0.65
0.71
0.44
0.61
0.44
0.21
-0.705
-0.61
-0.685
-0.425
-0.42
-0.685
-0.4
-0.15
-0.48
-0.83
-0.525
-0.75
-0.795
-0.14
0.235
0.405
0.555
0.61
0.67
0.41
0.655
-0.29
-0.2
-0.09
0.365
0.205
0.775
0.575
0.67
0.825
0.525
0.535
0.635
0.77
0.505
0.505
-0.07
0.155
-0.34
0.21
0.31
0.18
0.56
0.485
-0.045
-0.03
-0.31
-0.57
-0.565
-0.68
-0.16
-0.255
0.08
-0.02
-0.18
0.28
0.03
-0.135
0.365
0.175
0.5
-0.605
-0.45
-0.32
-0.02
0.18
0.07
0.62
0.605
0.66
0.815
0.71
0.69
0.295
0.345
0.24
0.58
0.715
0.845
0.885
0.555
0.785
0.28
0.395
0.125
-0.095
-0.2
-0.66
-0.295
-0.195
-0.145
0.12
0.295
0.055
0.23
0.1
0.58
0.69
0.7
0.815
0.285
0.435
0.06
0.215
0.58
0.56
0.82
0.675
0.6
0.745
0.72
0.455
0.085
0.27
0.7
0.415
0.25
0.37
0.425
0.57
0.64
0.155
0.44
0.05
0.08
0.69
0.84
0.065
0.105
-0.205
0.415
0.18
-0.2
-0.43
-0.74
-0.705
-0.67
-0.28
-0.35
-0.4
-0.2
0.05
-0.16
-0.48
-0.605
-0.9
-0.385
-0.705
-0.495
-0.63
-0.685
-0.8
-0.76
-0.65
-0.63
-0.775
-0.635
-0.71
-0.685
-0.28
-0.45
0.21
-0.47
-0.73
-0.42
-0.195
-0.355
0.43
0.725
0.395
0.595
0.625
0.805
0.365
0.21
0.535
-0.415
-0.725
-0.395
-0.15
-0.345
-0.76
-0.74
-0.335
0.4
0.51
-0.035
-0.73
-0.685
-0.395
-0.505
-0.685
-0.81
-0.47
-0.645
-0.72
-0.565
-0.725
-0.695
-0.37
-0.72
0.16
0.68
0.605
0.13
0.265
0.58
0.63
0.62
0.76
0.48
0.155
-0.025
-0.52
-0.52
-0.35
-0.61
-0.61
-0.725
0.055
-0.42
-0.6
-0.775
-0.595
-0.715
-0.605
-0.69
-0.6
0.19
0.28
0.435
0.42
0.3
0.245
0.64
0.645
0.555
0.465
0.825
0.45
0.63
0.715
0.665
0.605
0.315
0.585
0.89
0.785
0.39
-0.145
-0.435
-0.2
-0.53
0.005
0.06
-0.105
0.24
0.385
0.385
0.19
0.18
0.525
0.345
0.13
-0.015
0.22
0.365
0.65
0.735
0.13
0.495
0.685
0.455
0.415
-0.09
-0.5
-0.63
-0.74
-0.755
-0.485
-0.215
-0.44
-0.575
-0.305
-0.39
-0.13
-0.395
-0.565
-0.6
-0.355
0.145
0.475
0.605
0.66
0.29
0.48
0.655
0.335
0.005
-0.355
-0.1
0.29
0.675
0.66
0.53
0.32
0.15
-0.25
-0.295
-0.64
-0.08
-0.295
0.475
0.615
0.465
0.64
0.335
0.76
0.74
0.525
0.395
0.62
0.81
0.72
0.755
0.66
0.84
0.45
0.36
0.055
0.505
0.27
0.245
0.175
0.57
0.54
0.48
0.66
0.6
0.69
0.795
0.765
0.57
0.66
0.21
0.725
0.725
0.695
-0.015
0.16
0.4
0.745
0.315
-0.06
-0.5
0.235
-0.1
-0.09
-0.53
-0.25
-0.285
0.445
0.59
0.34
0.675
0.495
0.595
0.82
0.86
0.175
-0.41
-0.835
-0.755
-0.635
-0.805
-0.71
-0.32
0.71
0.635
0.435
0.29
-0.73
-0.185
-0.295
0.025
0.675
0.315
0.505
0.375
-0.52
-0.42
-0.665
-0.4
-0.44
-0.235
-0.505
-0.625
-0.645
-0.44
0.515
0.725
0.095
0.255
-0.2
-0.48
-0.645
-0.695
-0.545
-0.13
-0.8
-0.715
-0.58
-0.55
-0.79
-0.65
-0.36
-0.76
-0.68
-0.69
-0.595
-0.79
-0.7
-0.6
-0.565
-0.61
-0.65
-0.28
-0.725
-0.845
-0.465
-0.7
-0.775
-0.715
-0.35
0.085
0.36
-0.22
0.41
0.8
0.82
0.42
0.355
0.27
0.76
0.265
0.71
0.07
-0.295
-0.34
0.15
-0.67
-0.46
-0.545
-0.685
-0.57
-0.64
-0.31
-0.775
-0.545
-0.72
-0.545
-0.035
0.335
0.705
0.245
0.35
0.35
0.24
-0.625
-0.695
-0.68
-0.63
-0.56
-0.61
-0.8
-0.735
-0.45
-0.42
-0.725
-0.47
-0.68
-0.84
-0.68
-0.785
-0.64
-0.525
-0.75
-0.375
-0.08
-0.245
-0.625
-0.435
0.165
0.615
0.18
0.345
0.22
0.385
0.685
0.8
0.52
0.75
0.12
0.38
0.16
0.51
0.64
0.65
0.19
0.635
0.71
0.29
0.29
0.03
0.33
0.275
0.495
0.435
0.625
0.455
-0.02
-0.19
0.425
0.305
0.45
0.4
0.545
0.63
0.81
0.7
0.65
0.625
-0.205
0.47
0.76
0.53
0.58
0.195
0.585
0.535
0.375
0.6
0.455
0.635
0.505
0.62
0.73
0.69
0.61
0.87
0.715
0.555
0.145
0.325
0.065
-0.365
-0.405
0.235
0.535
0.515
0.25
0.475
0.71
0.735
0.605
0.705
0.51
0.64
0.48
0.18
0.305
0.36
0.56
0.215
0.105
0.505
0.55
0.535
0.73
0.6
0.265
0.255
0.04
-0.295
-0.36
-0.54
-0.285
-0.58
-0.585
-0.435
-0.305
0.025
-0.25
0.1
0.225
0.36
0.67
0.59
-0.25
0.305
0.57
0.32
0.15
0.15
0.335
0.41
0.475
0.36
0.265
0.435
0.76
0.375
0.335
0.755
0.54
0.71
-0.05
-0.44
-0.155
0.16
0.295
0.515
0.52
0.44
0.38
0.415
0.785
0.495
0.445
0.685
0.45
0.745
-0.115
0.26
0.09
-0.43
-0.265
-0.165
-0.305
-0.31
0.67
0.625
0.225
-0.04
-0.14
0.235
0.64
0.65
0.395
0.345
0.005
-0.58
-0.805
-0.755
-0.63
-0.72
-0.485
-0.735
-0.575
-0.425
-0.42
-0.78
-0.885
-0.51
-0.615
-0.66
-0.64
-0.82
-0.385
-0.595
-0.23
-0.245
0.02
0.41
0.845
0.27
-0.705
-0.335
-0.76
-0.58
-0.325
-0.46
-0.115
-0.535
-0.75
-0.5
-0.43
-0.295
-0.58
-0.555
0.46
0.65
0.68
0.16
0.455
0.065
-0.005
-0.3
-0.36
-0.425
-0.595
-0.64
-0.78
-0.415
-0.775
-0.67
-0.68
-0.74
-0.58
-0.255
0.095
0.545
0.08
0.475
0.755
0.79
-0.245
-0.035
0.32
0.7
0.7
0.59
0.52
0.89
0.575
0.68
0.445
0.745
0.665
0.66
0.825
0.825
0.805
0.53
0.27
0.24
-0.095
-0.115
0.295
-0.2
-0.25
-0.155
-0.46
-0.5
-0.295
-0.805
-0.31
-0.2
-0.625
-0.23
-0.7
-0.71
-0.465
-0.705
-0.58
-0.75
-0.81
-0.415
-0.77
-0.41
-0.01
-0.1
-0.455
-0.605
-0.745
-0.395
0.115
0.665
0.37
0.725
0.645
0.775
0.395
0.58
0.74
0.92
0.785
0.69
0.585
0.18
0.15
0.16
0.24
0.68
0.505
0.16
0.355
0.36
0.625
0.61
0.63
0.675
0.435
0.31
0.59
0.355
0.13
-0.65
-0.305
-0.04
0.03
-0.16
-0.58
-0.365
-0.625
-0.565
-0.715
-0.71
-0.17
0.565
0.705
0.66
0.095
0.44
0.625
0.33
0.225
0.68
0.585
0.57
0.57
0.455
0.635
0.57
0.67
0.575
0.56
0.375
0.8
0.66
0.755
0.27
0.74
0.78
0.61
0.4
0.39
-0.055
0.64
0.6
0.635
0.8
0.37
0.52
0.805
0.625
0.525
0.385
-0.055
-0.355
-0.685
-0.76
-0.775
-0.31
0.225
-0.375
-0.555
0.135
0.05
0.68
0.655
0.29
0.335
0.235
0.25
0.33
0.63
0.585
0.625
0.59
0.85
0.695
0.465
0.34
0.335
0.7
0.51
0.785
0.545
0.8
0.585
0.82
0.46
-0.45
-0.505
-0.51
-0.405
-0.525
-0.525
-0.255
-0.065
-0.575
-0.085
0.01
-0.71
-0.41
-0.815
-0.36
-0.475
-0.115
-0.645
-0.8
-0.72
-0.705
-0.64
-0.74
-0.28
-0.61
-0.69
-0.55
-0.68
-0.63
-0.53
-0.505
-0.415
-0.155
0.175
0.47
0.33
0.075
0.65
0.83
0.81
0.485
0.82
0.635
0.535
0.655
0.6
0.705
0.58
0.465
-0.185
0.285
-0.1
-0.32
0.04
0.56
0.295
0.54
0.695
0.31
0.4
0.785
0.695
0.77
0.48
0.7
0.36
0.26
0.265
-0.095
-0.135
0.005
0.61
0.695
0.725
0.69
0.63
0.25
-0.25
-0.54
-0.77
-0.66
-0.295
-0.37
-0.775
-0.785
-0.775
-0.58
-0.31
-0.105
0.855
0.785
0.445
0.075
-0.285
0.045
-0.555
-0.5
-0.485
-0.005
-0.345
-0.45
-0.255
-0.085
0.25
0.36
0.405
0.135
-0.36
-0.245
-0.59
-0.29
0.145
-0.2
0.495
-0.08
-0.435
-0.655
-0.705
-0.065
-0.41
-0.46
-0.635
-0.67
-0.81
-0.635
-0.2
-0.675
-0.41
-0.48
-0.415
-0.545
-0.445
-0.74
-0.47
-0.535
-0.65
-0.715
-0.26
-0.87
-0.305
-0.67
0.46
0.655
0.42
0.56
0.585
0.425
0.365
0.54
0.01
0.465
-0.12
-0.675
-0.34
-0.605
0.29
0.31
0.765
0.565
0.38
0.45
0.215
0.72
0.67
0.595
0.755
0.835
0.795
0.62
0.73
0.27
0.155
-0.185
-0.01
0.36
0.72
0.675
0.68
0.595
0.735
0.745
0.32
-0.1
0.12
0.1
-0.27
-0.62
-0.355
-0.77
-0.61
-0.57
-0.515
-0.345
0.13
0.56
0.23
0.16
0.17
0.165
0.41
0.645
0.37
0.695
0.29
0.25
0.37
0.59
0.685
0.66
0.695
0.755
0.695
0.61
0.8
0.77
0.165
0.06
-0.13
-0.535
-0.405
-0.26
-0.42
-0.19
0.125
0.075
0.095
0
0.125
0.405
0.22
-0.01
0.37
0.055
0.005
-0.225
0.11
0.53
0.69
0.41
0.6
0.505
0.56
0.73
0.505
0.16
0.07
-0.21
-0.61
-0.295
-0.385
-0.14
0.355
0.67
0.855
0.63
0.3
0.47
0.29
0.605
0.54
0.755
0.64
0.435
0.365
-0.01
0.2
0.58
0.62
0.745
0.525
0.52
0.71
0.33
-0.06
-0.04
0.365
0.55
0.25
-0.56
-0.425
-0.27
0.265
-0.48
-0.61
-0.44
-0.71
-0.79
-0.55
-0.29
-0.19
-0.4
-0.625
-0.71
-0.44
-0.635
-0.57
-0.665
-0.055
0.29
-0.29
-0.295
-0.565
-0.65
-0.635
-0.65
-0.765
-0.625
-0.515
-0.475
-0.735
-0.51
-0.595
-0.495
-0.165
0.38
-0.055
-0.26
-0.53
-0.295
0.195
0.105
-0.425
-0.63
-0.71
-0.68
-0.78
-0.635
-0.335
-0.245
-0.38
-0.355
-0.54
-0.625
-0.19
0.175
0.515
0.65
0.88
0.38
0.68
0.39
-0.17
0.11
-0.1
-0.71
-0.785
-0.75
0.085
-0.025
-0.705
-0.62
-0.55
-0.21
-0.07
-0.415
-0.475
-0.695
-0.625
-0.615
-0.585
-0.615
-0.61
-0.51
-0.75
-0.68
-0.19
-0.39
-0.255
-0.63
-0.26
0.265
-0.255
-0.19
0.1
-0.68
-0.365
-0.27
0.27
-0.115
-0.675
-0.57
-0.21
-0.725
-0.325
-0.71
0.125
0.22
0.155
0.17
0.145
0.06
0.55
-0.07
0.335
0.52
0.465
0.55
0.795
0.58
0.195
0.55
0.44
0.395
0.695
0.765
0.085
0.245
0.685
-0.025
0.355
-0.02
-0.295
-0.245
0.575
0.085
0.34
0.79
0.66
0.22
0.505
-0.2
-0.06
-0.34
0.455
0.65
0.345
-0.045
-0.19
-0.26
-0.165
-0.7
-0.41
-0.865
-0.78
-0.28
0.155
0.01
-0.44
-0.71
-0.765
-0.735
-0.305
-0.74
-0.845
-0.505
-0.03
-0.125
-0.185
0.27
0.175
0.25
0.16
0.43
0.705
0.595
0.41
0.51
0.74
0.615
0.17
0.305
0.15
-0.465
-0.075
0.165
0.055
-0.215
-0.63
-0.395
-0.615
-0.685
-0.555
-0.045
-0.185
-0.285
0.57
0.715
0.5
0.575
0.46
0.38
-0.18
-0.45
-0.61
-0.465
-0.28
0.11
-0.545
-0.64
-0.575
-0.72
-0.68
-0.36
-0.66
-0.745
-0.285
-0.655
-0.3
-0.48
0.155
0.195
-0.46
-0.505
-0.455
0.1
0.205
-0.3
0.43
0.68
0.755
0.73
0.78
0.465
0.67
0.475
0.41
0.315
0.355
0.655
0.625
0.28
0.65
0.705
0.71
0.615
0.185
-0.385
0.05
0.105
-0.435
-0.25
-0.67
-0.39
-0.19
-0.095
0.245
-0.125
0.345
0.79
0.55
0.615
0.52
0.53
0.75
0.635
0.395
0.21
0.53
0.8
0.865
0.525
0.72
0.775
0.255
0.395
-0.01
0.325
0.085
0.51
0.625
0.72
0.73
0.65
0.42
-0.215
-0.49
-0.605
-0.69
-0.775
-0.83
-0.835
-0.46
-0.165
0.425
0.02
-0.72
-0.73
-0.43
-0.325
-0.24
0.13
-0.205
-0.3
-0.765
-0.35
-0.625
-0.605
-0.36
0.025
-0.14
-0.16
-0.165
0.53
0.84
0.63
0.1
0.055
0.835
0.52
0.325
-0.425
-0.235
-0.12
-0.72
-0.495
-0.65
-0.575
-0.545
-0.81
-0.785
-0.585
-0.695
-0.735
-0.645
-0.605
-0.6
-0.35
-0.195
-0.535
-0.68
-0.21
-0.415
-0.815
-0.61
-0.68
-0.555
-0.27
0.4
0.685
0.885
0.65
-0.335
-0.46
-0.305
-0.54
-0.765
-0.185
0.205
-0.505
-0.28
-0.755
-0.475
-0.46
-0.17
-0.505
-0.64
-0.075
-0.315
-0.31
-0.29
-0.21
-0.235
0.04
-0.42
-0.195
-0.02
0.275
0.625
0.84
0.67
0.62
0.455
-0.01
-0.205
0.18
0.09
0.63
0.36
0.7
0.58
0.36
0.6
0.735
0.63
0.595
0.435
0.625
0.64
0.74
0.555
0.49
0.665
0.72
0.55
0.58
0.57
0.52
0.195
0.14
-0.045
-0.475
-0.83
-0.11
-0.615
0.17
0.12
-0.415
-0.71
-0.23
-0.525
-0.435
-0.295
-0.345
-0.705
-0.33
-0.13
-0.605
-0.725
-0.325
-0.62
-0.605
-0.73
-0.77
-0.55
-0.575
-0.24
-0.22
0.15
0.11
0.035
-0.155
0.43
-0.03
0.085
-0.455
-0.52
-0.235
-0.255
-0.315
-0.49
-0.645
-0.515
-0.645
-0.48
-0.01
0.595
0.6
-0.18
0.105
0.66
0.65
0.07
0.525
0.37
0.31
0.585
0.505
0.235
0.145
0.125
0.49
0.71
0.485
0.58
0.61
0.52
-0.13
-0.655
-0.6
-0.78
-0.585
-0.435
-0.11
0
-0.025
-0.18
-0.225
-0.645
-0.615
-0.855
-0.52
-0.25
-0.5
-0.46
-0.56
-0.6
-0.65
-0.84
-0.47
-0.19
0.385
0.68
0.465
0.81
0.46
0.41
0.07
0.13
-0.18
-0.23
-0.49
-0.49
-0.585
-0.605
-0.815
-0.705
-0.62
-0.025
-0.485
-0.695
-0.49
-0.395
-0.67
-0.395
-0.48
-0.84
-0.635
-0.465
-0.685
-0.705
-0.79
-0.57
-0.64
-0.595
-0.62
-0.545
-0.65
-0.575
-0.605
-0.495
-0.31
-0.745
-0.79
-0.63
-0.825
-0.435
-0.57
-0.49
-0.58
-0.405
-0.26
-0.28
-0.7
-0.565
0.09
0.025
-0.28
-0.37
-0.185
0.025
-0.26
0.125
-0.22
-0.595
-0.78
-0.68
-0.635
-0.29
0.155
-0.315
-0.715
-0.69
-0.3
0.05
-0.19
0.735
0.29
-0.1
-0.45
-0.705
-0.285
-0.22
-0.265
-0.15
-0.295
-0.205
-0.03
-0.2
-0.675
-0.735
-0.62
-0.185
0.06
0.36
-0.165
0.225
0.32
-0.255
-0.82
-0.745
-0.785
-0.505
-0.725
-0.475
-0.665
-0.345
-0.3
-0.31
-0.745
-0.725
-0.63
-0.655
-0.4
-0.6
-0.375
-0.87
-0.305
-0.625
-0.63
-0.17
0.22
0.14
0.635
0.06
0.095
0.39
0.035
-0.125
-0.105
0.14
-0.28
0.51
0.665
0.705
0.76
0.775
0.65
0.68
0.44
0.84
0.71
0.655
0.06
0.61
0.575
0.39
0.305
0.645
0.03
0.065
0.03
-0.17
-0.395
-0.365
-0.565
-0.59
-0.465
-0.04
0.34
0.44
0.4
0.59
0.465
0.12
0.055
0.365
-0.15
-0.285
-0.205
-0.515
0.035
-0.005
0.095
-0.2
-0.405
-0.035
-0.39
-0.825
-0.735
-0.505
-0.615
-0.815
-0.585
-0.76
-0.2
-0.475
-0.65
-0.595
-0.25
-0.545
-0.45
-0.005
0.235
0.52
0.635
0.785
0.81
0.725
0.305
-0.135
-0.34
0.07
0.235
-0.195
-0.415
-0.72
-0.69
-0.17
-0.13
-0.305
-0.4
-0.615
-0.445
-0.27
-0.2
-0.065
-0.155
-0.27
0.47
0.595
0.555
-0.21
-0.35
-0.39
-0.295
-0.55
-0.545
-0.715
-0.15
-0.22
0.105
0.33
0.08
0.445
0.535
0.24
0.33
0.73
0.76
0.765
0.66
0.77
0.67
0.705
0.625
0.17
0.405
0.595
0.43
0.67
0.155
0.025
-0.14
-0.175
-0.305
-0.53
-0.48
-0.53
-0.64
-0.48
-0.38
-0.53
-0.325
-0.06
0.24
-0.46
-0.445
-0.47
-0.305
-0.335
-0.1
-0.37
0.12
0.285
0.335
0.28
0.83
0.24
0.48
0.77
0.46
0.515
0.355
0.23
-0.47
-0.225
0.145
0.595
0.74
0.535
0.585
0.405
0.05
0.045
-0.475
-0.8
-0.555
-0.735
-0.815
-0.675
-0.655
-0.395
-0.335
-0.76
-0.335
-0.575
-0.325
-0.06
0.135
0.555
0.65
0.53
0.43
0.155
0.07
-0.075
0.315
0.625
0.17
-0.46
-0.37
-0.35
-0.47
-0.625
-0.49
-0.335
-0.05
0.47
-0.045
0.21
-0.16
-0.27
-0.06
-0.265
-0.425
-0.405
-0.4
-0.09
0.53
0.41
0.47
0.72
0.69
0.295
0.445
0.735
0.31
0.35
0.65
0.585
0.8
0.69
0.445
0.745
0.7
0.54
0.23
0.435
-0.03
0.455
0.65
0.82
0.665
0.635
-0.005
-0.465
-0.415
-0.255
0.435
-0.26
-0.245
-0.78
-0.09
-0.785
-0.535
-0.485
-0.28
0.175
0.82
0.735
0.67
0.63
0.555
0.53
0.61
0.66
0.1
0.5
0.69
-0.05
0.505
0.625
0.3
0.62
0.64
0.72
0.72
0.825
0.555
0.36
0.11
0.215
0.69
0.52
0.345
-0.55
-0.52
-0.175
-0.125
-0.13
0.035
0.065
-0.48
-0.6
-0.675
-0.535
-0.27
-0.35
-0.035
0.17
0.24
0.195
0.36
0.51
0.41
0.465
0.025
-0.155
0.16
0.085
0.18
0.23
0.22
0.47
0.625
0.72
0.84
0.405
0.005
-0.355
-0.635
-0.48
-0.365
-0.38
-0.605
-0.555
-0.6
-0.19
0.59
0.855
0.175
0.635
0.245
-0.035
0.45
-0.165
0.17
-0.055
0.22
0.485
0.745
0.71
0.65
0.355
0.58
0.555
0.62
0.305
-0.365
-0.525
-0.595
-0.58
-0.735
-0.65
-0.435
-0.34
0.195
-0.575
-0.735
-0.665
-0.675
-0.51
0.915
0.685
0.33
0.25
0.14
-0.135
0.39
0.555
0.39
0.36
0.575
0.445
0.7
0.445
0.56
0.72
0.77
0.71
0.665
0.555
0.19
-0.065
0.32
0.25
0.295
0.765
0.195
0.3
0.26
0.525
-0.015
0.45
0.86
0.465
0.13
0.1
-0.265
-0.375
-0.34
-0.8
-0.63
-0.205
0.535
0.665
0.775
0.78
0.195
0.42
0.58
0.345
-0.225
-0.65
-0.75
-0.715
-0.78
-0.415
-0.475
-0.05
-0.54
-0.775
-0.34
0.18
0.57
0.565
0.55
0.32
-0.19
-0.215
-0.265
-0.465
0.225
0.5
-0.095
0.275
0.62
0.855
0.63
0.55
0.655
0.68
0.625
0.365
0.625
0.06
-0.1
0.185
0.745
0.565
0.195
-0.19
-0.28
-0.68
-0.825
-0.725
-0.705
-0.55
-0.765
-0.72
-0.775
-0.385
-0.67
-0.34
0.035
0.25
0.265
0.395
0.25
0.74
0.375
-0.17
-0.155
-0.745
-0.33
0.335
0.49
0.55
0.005
0.735
0.74
0.595
0.435
0.655
0.525
0.365
0.765
0.675
0.55
0.58
0.755
0.695
0.41
0.515
0.695
0.8
0.27
0.325
0.525
-0.09
-0.58
-0.69
-0.7
-0.575
-0.455
-0.335
-0.29
-0.67
-0.55
-0.465
-0.245
-0.7
-0.3
-0.53
-0.8
-0.64
-0.49
-0.03
0.31
0.515
0.72
0.275
0.535
0.55
0.625
0.565
0.19
0.465
0.5
0.305
0.675
0.655
0.595
0.735
0.57
0.465
0.4
-0.28
-0.37
-0.655
-0.775
-0.725
-0.55
-0.29
-0.44
-0.405
-0.465
-0.405
-0.6
-0.49
-0.08
0.725
0.385
0.1
-0.25
-0.28
-0.17
0.425
0.115
0.695
0.575
0.415
0.095
-0.435
-0.055
-0.215
0.075
0.26
0.875
0.585
0.525
-0.31
-0.12
0.83
0.74
0.29
0.43
0.255
0.31
0.775
0.555
0.755
0.235
0.565
0.625
0.325
-0.065
0.155
-0.575
-0.56
-0.67
-0.725
-0.795
-0.755
-0.44
-0.085
-0.27
-0.59
-0.715
-0.4
-0.68
-0.41
-0.04
0.45
0.535
0.755
0.73
0.61
0.78
0.8
0.78
0.6
0.34
0.325
0.14
0.645
0.47
0.64
0.425
-0.25
-0.315
-0.66
-0.67
-0.335
-0.52
-0.39
-0.415
-0.795
-0.735
-0.51
-0.16
-0.6
-0.225
-0.665
-0.58
-0.735
-0.7
0.15
0.54
0.595
0.59
0.545
0.77
0.245
0.535
0.76
0.255
-0.04
-0.8
-0.66
-0.635
-0.635
-0.51
-0.81
-0.585
-0.455
-0.36
-0.095
-0.435
-0.31
0.26
-0.445
0.325
-0.14
-0.015
-0.3
-0.84
-0.75
-0.66
-0.71
-0.07
0.665
0.485
0.36
0.24
0.525
0.735
0.62
0.555
0.345
0.465
0.275
0.025
-0.46
-0.2
-0.595
-0.28
0
-0.535
-0.705
-0.61
-0.02
0.02
0.575
0.685
0.06
-0.38
-0.75
-0.665
-0.2
-0.175
-0.115
-0.435
-0.305
-0.325
-0.475
-0.655
-0.385
-0.335
-0.1
-0.225
-0.485
0.6
0.765
0.735
0.165
0.685
0.56
0.45
0.685
0.71
0.665
0.465
0.69
0.395
0.34
0.84
0.815
0.845
0.9
0.73
0.465
0.7
0.58
0.785
0.74
0.345
0.39
-0.38
-0.12
-0.52
-0.69
-0.69
-0.715
-0.515
-0.77
-0.385
-0.56
0.245
0.455
0.795
0.59
0.22
0.61
0.53
0.52
-0.36
0.315
0.71
0.835
0.72
0.68
0.2
0.485
0.65
0.705
0.36
-0.45
-0.705
-0.72
-0.605
-0.595
-0.51
-0.78
-0.615
-0.69
-0.66
-0.795
-0.565
-0.54
-0.245
0.41
0.69
0.81
0.79
0.82
0.68
0.1
-0.05
-0.425
-0.56
-0.34
-0.485
-0.585
-0.635
-0.465
-0.65
-0.84
-0.79
-0.58
-0.775
-0.72
-0.67
-0.525
-0.61
-0.465
-0.36
-0.2
-0.585
-0.66
-0.7
-0.825
-0.525
-0.685
-0.375
0.065
-0.375
-0.325
0.315
0.68
0.67
-0.22
-0.68
-0.535
-0.525
-0.595
-0.295
-0.15
-0.495
-0.305
0.15
0.605
0.54
0.33
0.66
0.63
0.72
0.235
0.58
0.755
0.325
0.585
0.395
0.665
-0.08
-0.325
-0.57
-0.73
-0.095
-0.105
-0.655
-0.585
-0.685
-0.53
-0.645
-0.62
-0.525
-0.57
-0.155
-0.14
-0.395
0.15
0.265
0.455
0.84
0.81
0.785
0.3
0.38
0.78
0.845
0.745
0.215
-0.045
-0.45
-0.765
-0.38
-0.64
-0.72
-0.085
-0.18
-0.445
-0.785
-0.465
-0.395
-0.65
-0.365
-0.29
-0.51
-0.505
-0.71
-0.555
-0.67
-0.75
-0.665
-0.12
-0.405
-0.045
0.17
0.24
0.64
0.65
0.495
0.305
0.595
0.705
0.75
0.69
0.46
0.77
0.46
-0.065
-0.395
-0.525
-0.835
-0.705
-0.52
-0.605
-0.725
-0.055
0.31
-0.18
-0.385
-0.765
-0.755
-0.32
-0.185
0.07
0.28
0.8
0.65
0.815
0.245
0.55
0.79
0.73
0.72
0.635
0.365
0.645
0.53
0.63
0.255
0.515
0.075
0.74
0.345
0.03
-0.745
-0.48
-0.795
-0.58
-0.465
0.05
-0.4
-0.605
-0.77
-0.715
-0.395
-0.315
0.05
-0.395
-0.25
-0.105
0.285
0.735
0.72
0.18
0.655
0.58
0.305
-0.525
-0.39
-0.755
-0.71
-0.6
-0.48
-0.735
-0.62
-0.65
-0.52
-0.715
-0.73
-0.84
-0.76
-0.005
-0.525
-0.485
-0.545
-0.58
-0.5
-0.43
-0.43
-0.585
-0.57
-0.27
0.38
0.475
0.675
0.03
-0.03
0.415
0.16
0.2
0.04
0.045
0.17
0.165
0.255
0.56
0.565
0.445
0.365
0.655
0.31
0.035
-0.015
-0.15
0.28
0.2
0.425
0.145
0.48
0.745
0.625
0.715
0.355
0.48
-0.045
0.31
0.555
0.69
0.57
0.625
0.645
0.47
0.17
0.595
0.49
0.705
0.6
0.38
0.65
0.46
0.325
0.375
0.56
0.695
0.51
0.29
0.57
0.49
0.86
0.73
-0.255
-0.12
-0.445
-0.15
-0.795
-0.69
-0.7
-0.755
-0.62
-0.325
0.255
0.05
-0.475
0.28
0.26
-0.195
-0.065
0.575
0.395
0.26
0.095
-0.16
-0.425
-0.675
-0.43
-0.57
-0.57
-0.805
-0.83
-0.595
-0.545
-0.395
-0.6
-0.8
-0.565
-0.65
-0.725
-0.41
-0.725
-0.875
-0.48
-0.11
-0.13
-0.505
-0.54
-0.61
-0.565
0.15
0.32
0.82
0.515
0.735
0.7
0.765
0.565
0.705
0.625
-0.55
-0.515
-0.85
-0.595
-0.73
-0.525
-0.27
0.26
0.425
0.42
0.07
0.065
-0.3
-0.435
-0.165
-0.285
-0.25
0.38
0.86
0.86
0.615
0.4
0.64
0.135
0.55
0.765
0.78
0.42
-0.225
-0.63
-0.63
-0.755
-0.545
0.055
0.22
0.28
0.075
-0.01
0.14
0.385
0.42
0.36
0.615
0.665
0.78
0.27
0.14
-0.12
-0.47
-0.37
-0.515
-0.37
-0.22
-0.145
-0.035
-0.39
-0.46
0.295
-0.08
0.23
0.275
0.125
-0.165
-0.405
0.155
-0.525
-0.1
0.22
0.695
0.57
-0.315
-0.5
-0.5
-0.665
-0.61
-0.805
-0.625
-0.7
-0.57
-0.75
-0.805
-0.705
-0.135
-0.76
-0.835
-0.67
-0.745
-0.75
-0.385
-0.67
-0.27
-0.01
0.17
0.01
-0.365
-0.555
-0.335
-0.33
0.065
-0.085
-0.21
-0.06
0.145
-0.03
-0.335
-0.49
-0.66
-0.565
-0.68
-0.585
-0.88
-0.45
-0.435
-0.425
-0.435
0.24
0.195
-0.145
0.265
0.53
0.55
0.805
0.325
0.13
-0.5
-0.7
-0.545
-0.295
-0.525
-0.2
-0.655
-0.44
-0.435
-0.315
0.085
0.02
-0.21
-0.315
-0.715
-0.385
-0.3
-0.66
-0.825
-0.83
-0.705
-0.715
-0.62
-0.73
-0.8
-0.54
-0.67
-0.535
-0.29
-0.34
-0.67
-0.74
-0.495
-0.56
-0.75
-0.65
-0.795
-0.735
-0.705
-0.705
-0.805
-0.715
-0.775
-0.6
-0.84
-0.67
-0.52
-0.655
-0.65
-0.565
-0.61
-0.4
-0.825
-0.39
-0.29
0.54
0.705
0.59
0.29
0.265
0.075
0.055
0.25
0.35
0.42
0.475
0.61
0.515
-0.165
-0.275
0.125
0.52
0.785
0.585
0.3
0.76
0.54
0.53
0.17
0.04
0.34
0.56
0.79
0.195
0.17
0.165
0.275
0.07
-0.01
-0.04
-0.04
0.205
-0.24
-0.385
-0.7
-0.58
-0.695
-0.695
-0.575
-0.55
-0.61
-0.715
-0.615
-0.625
-0.515
-0.215
-0.34
-0.44
-0.58
-0.715
-0.78
-0.445
-0.42
-0.405
-0.65
-0.755
-0.865
-0.13
0.46
0.675
0.825
0.765
0.545
0.475
0.295
0.445
0.31
0.245
0.475
0.185
0.125
0.26
-0.355
-0.345
-0.635
-0.335
0.24
0.195
0.215
-0.415
